0.000000	0.000000	0.000000	0.000000	0.000000	0.000000	0.000000	0.000000	0.000000	0.000000	0.000000	0.000000	192.000000	0.000000	0.000000	0.000000	0.000000	0.000000	0.000000	0.000000	0.000000	0.000000	1719162873.740526	0.000000
1.000000	-57740.725010	-79386.064933	-84138.448136	-106638.764636	-82866.343303	-83282.845710	-134507.366658	-68342.671495	0.024000	0.006000	1.026000	192.000000	0.000000	192.000000	0.000000	48.000000	32.000000	16.000000	0.000000	0.000000	0.000000	1719162873.757533	0.000000
2.000000	-57741.507321	-79386.959003	-84139.632778	-106640.038686	-82868.198498	-83284.656201	-134510.205330	-68341.397445	0.024000	0.006000	1.026000	192.000000	0.000000	0.000000	0.000000	0.000000	0.000000	0.000000	0.000000	0.000000	0.000000	1719162873.760535	0.000000
3.000000	-57744.435399	-79390.691744	-84145.198362	-106645.783084	-82875.865147	-83292.680477	-134520.733001	-68351.120454	0.024000	0.006000	1.026000	192.000000	0.000000	0.000000	0.000000	0.000000	0.000000	0.000000	0.000000	0.000000	0.000000	1719162873.764564	0.000000
4.000000	-57744.100123	-79390.736448	-84145.913618	-106646.520692	-82877.563879	-83294.222748	-134523.169341	-68354.830844	0.024000	0.006000	1.026000	192.000000	0.000000	0.000000	0.000000	0.000000	0.000000	0.000000	0.000000	0.000000	0.000000	1719162873.768575	0.000000
5.000000	-57741.350858	-79387.383686	-84141.264455	-106641.670363	-82871.640667	-83287.673686	-134514.675679	-68345.130187	0.024000	0.006000	1.026000	192.000000	0.000000	0.000000	0.000000	0.000000	0.000000	0.000000	0.000000	0.000000	0.000000	1719162873.771598	0.000000
6.000000	-57738.646297	-79384.053276	-84136.324720	-106636.708276	-82865.337475	-83280.856404	-134505.623222	-68335.407178	0.024000	0.006000	1.026000	192.000000	0.000000	0.000000	0.000000	0.000000	0.000000	0.000000	0.000000	0.000000	0.000000	1719162873.775593	0.000000
7.000000	-57737.662821	-79383.405075	-84135.900037	-106636.440055	-82865.829213	-83281.258736	-134506.584347	-68338.826995	0.024000	0.006000	1.026000	192.000000	0.000000	0.000000	0.000000	0.000000	0.000000	0.000000	0.000000	0.000000	0.000000	1719162873.779614	0.000000
8.000000	-57743.898957	-79390.378820	-84144.885438	-106645.492511	-82876.960382	-83292.658125	-134520.800057	-68355.456693	0.026000	0.006000	1.026000	192.000000	0.000000	208.000000	0.000000	48.000000	32.000000	16.000000	0.000000	0.000000	0.000000	1719162873.783705	0.000000
9.000000	-57744.524806	-79391.295241	-84146.405357	-106647.124189	-82879.419074	-83294.938003	-134524.309280	-68359.725876	0.026000	0.006000	1.026000	192.000000	0.000000	0.000000	0.000000	0.000000	0.000000	0.000000	0.000000	0.000000	0.000000	1719162873.787696	0.000000
10.000000	-57739.383905	-79385.617898	-84139.319854	-106639.882224	-82871.126577	-83285.974954	-134513.379277	-68348.415893	0.026000	0.006000	1.026000	192.000000	0.000000	0.000000	0.000000	0.000000	0.000000	0.000000	0.000000	0.000000	0.000000	1719162873.791722	0.000000
11.000000	-57738.691001	-79384.366200	-84136.481182	-106636.887090	-82866.991504	-83281.214032	-134506.360830	-68342.291515	0.026000	0.006000	1.026000	192.000000	0.000000	0.000000	0.000000	0.000000	0.000000	0.000000	0.000000	0.000000	0.000000	1719162873.796731	0.000000
12.000000	-57739.987402	-79385.863767	-84138.381080	-106638.876395	-82869.561955	-83283.896242	-134509.691240	-68348.214727	0.026000	0.006000	1.026000	192.000000	0.000000	0.000000	0.000000	0.000000	0.000000	0.000000	0.000000	0.000000	0.000000	1719162873.799702	0.000000
13.000000	-57740.792065	-79387.338983	-84141.666787	-106642.385619	-82875.149891	-83289.707695	-134518.184902	-68360.284669	0.026000	0.006000	1.026000	192.000000	0.000000	0.000000	0.000000	0.000000	0.000000	0.000000	0.000000	0.000000	0.000000	1719162873.802710	0.000000
14.000000	-57742.982536	-79389.909433	-84144.974845	-106645.559567	-82879.284964	-83293.708657	-134523.079934	-68368.107780	0.026000	0.006000	1.026000	192.000000	0.000000	0.000000	0.000000	0.000000	0.000000	0.000000	0.000000	0.000000	0.000000	1719162873.807710	0.000000
